Vbirth	tauVent	leg(f/s/k)	verdict	R1	R2needle	R2width	R3 km	ceiling+allow	margin km	R5flip	inv	ms/f
1	0.25	3000/1/50	pass	0.98	1.36	92.6% (1779/1922)	80.3	81.8	-1.50	0	0	3.13
1	0.25	3000/1/100	pass	0.34	1.39	93.0% (2443/2628)	81.0	83.5	-2.50	0	0	3.08
1	0.25	5000/5/50	pass	0.35	1.28	99.1% (5270/5320)	80.3	81.8	-1.50	0	0	2.80
1	0.25	5000/5/100	pass	0.40	1.29	96.4% (4513/4680)	80.6	83.5	-2.90	0	0	2.94
1	0.5	3000/1/50	pass	0.82	1.39	96.0% (1739/1811)	80.4	81.8	-1.40	0	0	3.08
1	0.5	3000/1/100	pass	1.02	1.38	93.1% (3683/3955)	81.5	83.5	-2.00	0	0	3.22
1	0.5	5000/5/50	pass	0.99	1.13	98.4% (3041/3092)	80.2	81.8	-1.60	0	0	2.94
1	0.5	5000/5/100	pass	1.08	1.81	98.2% (3769/3837)	80.4	83.5	-3.10	0	0	3.03
1	2	3000/1/50	pass	0.82	1.21	95.9% (1567/1634)	80.4	81.8	-1.40	0	0	3.41
1	2	3000/1/100	pass	0.50	1.49	94.1% (3590/3814)	81.2	83.5	-2.30	0	0	3.31
1	2	5000/5/50	pass	0.51	1.13	92.7% (4679/5047)	80.4	81.8	-1.40	0	0	2.94
1	2	5000/5/100	pass	0.64	1.77	98.7% (2526/2560)	80.6	83.5	-2.90	0	0	3.02
4	0.25	3000/1/50	pass	0.76	1.06	95.8% (1472/1536)	80.4	81.8	-1.40	0	0	3.19
4	0.25	3000/1/100	R2 built belts have a contiguous four-column run	0.33	1.33	88.5% (2612/2953)	80.3	83.5	-3.20	0	0	3.19
4	0.25	5000/5/50	pass	0.89	1.13	92.8% (4702/5068)	80.2	81.8	-1.60	0	0	3.07
4	0.25	5000/5/100	pass	0.66	1.25	96.0% (5090/5301)	80.7	83.5	-2.80	0	0	3.03
4	0.5	3000/1/50	pass	0.93	1.39	96.4% (2277/2363)	80.4	81.8	-1.40	0	0	3.32
4	0.5	3000/1/100	pass	0.37	1.47	95.9% (3083/3215)	81.2	83.5	-2.30	0	0	3.24
4	0.5	5000/5/50	pass	0.76	1.13	98.1% (3023/3083)	80.1	81.8	-1.70	0	0	2.87
4	0.5	5000/5/100	pass	1.08	1.24	99.0% (4148/4190)	80.5	83.5	-3.00	0	0	2.83
4	2	3000/1/50	pass	0.81	1.30	93.0% (1666/1791)	80.4	81.8	-1.40	0	0	3.32
4	2	3000/1/100	pass	0.81	1.37	96.1% (3801/3957)	81.6	83.5	-1.90	0	0	3.38
4	2	5000/5/50	pass	0.77	1.13	98.1% (3022/3082)	80.1	81.8	-1.70	0	0	3.13
4	2	5000/5/100	pass	0.68	1.23	98.9% (4289/4335)	80.3	83.5	-3.20	0	0	2.97
8	0.25	3000/1/50	pass	0.44	1.45	95.9% (2639/2753)	81.0	81.8	-0.80	0	0	3.21
8	0.25	3000/1/100	pass	0.62	1.37	95.7% (3106/3245)	80.6	83.5	-2.90	0	0	3.13
8	0.25	5000/5/50	pass	0.67	1.28	98.8% (5399/5465)	80.2	81.8	-1.60	0	0	2.95
8	0.25	5000/5/100	pass	0.77	1.93	96.6% (4459/4616)	80.5	83.5	-3.00	0	0	2.90
8	0.5	3000/1/50	pass	0.70	1.41	94.8% (2558/2698)	80.4	81.8	-1.40	0	0	3.25
8	0.5	3000/1/100	pass	1.00	1.33	94.9% (2774/2923)	81.5	83.5	-2.00	0	0	3.07
8	0.5	5000/5/50	pass	0.80	1.28	98.9% (5044/5102)	80.2	81.8	-1.60	0	0	3.07
8	0.5	5000/5/100	pass	0.44	1.23	96.4% (5102/5294)	80.6	83.5	-2.90	0	0	3.37
8	2	3000/1/50	pass	0.77	1.45	97.0% (1834/1891)	80.4	81.8	-1.40	0	0	3.32
8	2	3000/1/100	pass	0.34	1.41	93.0% (3220/3462)	81.1	83.5	-2.40	0	0	3.26
8	2	5000/5/50	pass	0.99	1.13	98.4% (3046/3097)	80.9	81.8	-0.90	0	0	3.42
8	2	5000/5/100	pass	0.65	2.14	94.3% (2590/2748)	80.3	83.5	-3.20	0	0	3.15

Vbirth	tauVent	leg(f/s/k)	births	deaths	duty%	visDuty%	arcDuty%	plumeDuty%	starved%	maxIdle Myr	lives	medLife f	medLifeDuty%	medGap Myr	epMax cells2	epMean cells2	edW px	edH px	feedRuns	maxFeed f	maxQuiet Myr	K9 red	ledgerErr
1	0.25	3000/1/50	241	240	97.2	86.9	84.2	66.1	8.9	0.20	241	8	88	0.70	111.6	4.2	23.0	8.7	5	2741	2.30	0	2.47e-14
1	0.25	3000/1/100	154	151	80.2	68.6	74.2	37.0	4.1	0.20	154	30	92	1.25	137.4	7.4	25.0	8.3	28	1296	13.30	0	2.23e-14
1	0.25	5000/5/50	157	156	90.1	61.0	58.0	62.0	5.3	0.20	157	7	86	0.88	252.0	8.0	37.0	13.5	28	3011	7.60	0	9.21e-15
1	0.25	5000/5/100	117	117	64.3	52.6	60.2	33.0	3.0	0.20	117	24	90	1.70	201.2	11.3	27.0	10.3	22	1639	70.00	0	2.65e-14
1	0.5	3000/1/50	202	201	94.6	74.0	82.9	67.1	18.2	0.50	202	14	92	0.82	120.6	4.9	25.0	9.0	13	2369	2.30	0	2.47e-14
1	0.5	3000/1/100	158	157	82.7	71.2	74.1	37.5	7.8	0.40	158	32	88	1.20	114.9	7.6	25.0	8.2	12	1257	19.90	0	1.15e-14
1	0.5	5000/5/50	153	152	81.9	52.1	67.9	63.8	12.3	0.50	153	14	92	0.95	323.4	7.6	37.0	13.2	25	3035	21.30	0	1.22e-14
1	0.5	5000/5/100	139	139	74.3	59.8	65.7	33.3	6.3	0.40	139	12	88	1.60	324.3	9.4	31.0	11.6	13	2164	74.30	0	1.73e-14
1	2	3000/1/50	114	112	97.9	85.5	87.5	69.4	35.1	1.95	114	81	75	0.90	131.2	9.8	27.0	8.7	4	2676	2.30	0	1.98e-14
1	2	3000/1/100	117	115	88.2	72.5	79.2	38.4	24.0	1.90	117	47	72	1.90	127.3	10.1	25.0	8.7	30	1333	14.30	0	1.22e-14
1	2	5000/5/50	103	101	96.9	75.6	84.7	66.8	28.4	1.95	103	43	94	1.25	212.7	13.5	29.0	10.6	3	4528	7.60	0	1.83e-14
1	2	5000/5/100	104	102	71.6	53.8	57.0	33.9	21.3	1.90	104	39	88	2.80	305.2	13.5	31.0	11.6	21	1921	37.30	0	1.93e-14
4	0.25	3000/1/50	130	130	91.9	87.3	88.8	62.6	5.6	0.20	130	46	91	1.10	60.1	6.9	23.0	8.6	5	2732	2.75	0	2.26e-14
4	0.25	3000/1/100	119	119	86.0	69.4	65.3	33.8	4.1	0.20	119	33	93	1.10	159.8	10.0	27.0	9.2	33	1124	25.00	0	1.78e-14
4	0.25	5000/5/50	93	91	92.4	67.0	68.9	59.6	3.2	0.20	93	38	91	1.80	211.9	13.8	29.0	10.6	12	2692	8.00	0	2.24e-14
4	0.25	5000/5/100	91	91	69.4	52.0	50.8	32.6	2.5	0.20	91	37	93	2.80	312.9	14.6	31.0	11.6	21	1664	96.70	0	2.02e-14
4	0.5	3000/1/50	126	126	95.5	80.3	90.9	64.0	12.2	0.50	126	51	86	1.38	121.5	8.2	25.0	9.1	6	2738	2.75	0	2.13e-14
4	0.5	3000/1/100	103	101	73.9	62.0	57.5	35.8	6.0	0.40	103	37	88	1.20	114.9	10.8	25.0	8.2	20	1141	19.50	0	1.01e-14
4	0.5	5000/5/50	62	61	73.0	48.4	37.6	60.9	6.3	0.50	62	27	94	3.52	299.6	17.3	33.0	11.8	12	2681	35.10	0	2.47e-14
4	0.5	5000/5/100	73	70	68.7	56.2	43.4	32.5	4.2	0.40	73	45	93	3.00	290.7	17.2	31.0	11.5	18	1781	118.10	0	2.13e-14
4	2	3000/1/50	92	90	97.5	85.3	87.8	64.6	31.8	1.95	92	92	75	2.05	125.7	11.7	27.0	8.8	4	1945	2.75	0	1.07e-14
4	2	3000/1/100	70	69	82.2	74.6	80.5	36.3	18.6	1.90	70	79	73	4.40	132.2	18.7	27.0	9.1	5	1636	34.90	0	1.83e-14
4	2	5000/5/50	58	56	78.9	49.2	44.0	63.3	20.3	1.95	58	73	96	3.77	304.6	18.7	33.0	11.8	13	2505	25.15	0	2.78e-14
4	2	5000/5/100	70	69	69.5	49.0	50.6	32.3	17.6	1.90	70	51	83	5.00	300.6	18.2	31.0	11.6	15	1831	69.20	0	2.17e-14
8	0.25	3000/1/50	119	118	97.2	86.0	91.8	61.0	4.9	0.20	119	52	91	1.27	52.0	9.0	17.0	5.9	3	2334	3.35	0	2.85e-14
8	0.25	3000/1/100	88	88	76.1	70.5	75.1	29.6	2.6	0.20	88	44	94	1.25	102.7	13.8	25.0	7.8	4	1678	54.70	0	7.53e-15
8	0.25	5000/5/50	47	45	75.5	49.7	45.0	60.3	1.9	0.20	47	125	97	1.65	323.2	23.9	37.0	13.2	10	3009	30.30	0	2.33e-14
8	0.25	5000/5/100	63	62	55.6	43.9	36.8	32.4	2.1	0.20	63	73	96	5.00	310.4	19.6	31.0	11.6	17	1635	80.30	0	1.91e-14
8	0.5	3000/1/50	106	105	96.9	82.8	94.1	59.7	10.5	0.50	106	53	84	1.15	122.2	10.1	25.0	9.1	6	2274	3.35	0	1.44e-14
8	0.5	3000/1/100	73	71	70.1	45.9	65.4	31.3	5.0	0.40	73	64	91	1.10	110.7	11.6	25.0	8.1	8	1210	62.70	0	7.57e-15
8	0.5	5000/5/50	69	68	86.2	59.1	50.5	58.9	6.9	0.50	69	45	94	2.88	310.3	16.4	33.0	11.8	22	2582	8.50	0	1.79e-14
8	0.5	5000/5/100	68	68	85.4	63.7	71.4	32.1	3.5	0.40	68	67	95	3.50	262.4	22.4	35.0	12.6	18	1412	26.30	0	1.38e-14
8	2	3000/1/50	69	68	94.1	74.9	83.5	64.8	30.3	1.95	69	130	74	2.50	127.8	14.7	25.0	8.3	6	2519	3.35	0	1.82e-14
8	2	3000/1/100	64	64	77.7	66.8	73.0	30.9	18.4	1.90	64	69	72	3.60	132.7	18.0	27.0	9.0	30	1271	23.10	0	1.31e-14
8	2	5000/5/50	53	50	95.3	75.8	91.3	61.3	17.2	1.95	53	188	87	3.90	203.9	28.9	29.0	11.1	6	3056	8.50	0	1.09e-14
8	2	5000/5/100	52	52	63.7	50.4	50.8	32.2	14.1	1.90	52	102	83	4.75	202.2	26.0	31.0	10.3	7	1499	70.60	0	1.66e-14

Vbirth	tauVent	cone W x H px	pile cells2	tephra death/live cells2	alive/feed frames	ledger	cone verdict
1	0.25	17.00 x 1.62	16.1	520.1/0.000	6253/5992	1.46e-14	below band
1	0.5	17.00 x 1.92	21.1	480.3/0.000	6848/6105	1.11e-14	below band
1	2	27.00 x 8.24	113.7	504.1/0.000	8543/6110	2.63e-14	pass
4	0.25	17.00 x 2.62	15.1	422.4/0.000	5686/5428	1.15e-14	below band
4	0.5	17.00 x 2.28	20.9	429.9/0.000	5482/4762	1.87e-14	below band
4	2	27.00 x 8.42	115.9	438.4/0.000	8374/6162	8.40e-15	pass
8	0.25	19.00 x 3.44	44.9	370.7/0.000	5338/5101	1.43e-14	below band
8	0.5	17.00 x 3.56	31.8	370.9/0.000	5173/4567	1.38e-14	below band
8	2	25.00 x 7.78	105.7	332.1/0.000	7753/5453	1.10e-14	below band
Vbirth	tauVent	leg(f/s/k)	verdict	R1	R2needle	R2width	R3 km	ceiling+allow	margin km	R5flip	inv	ms/f
16	0.25	3000/1/50	pass	1.02	1.41	97.1% (1660/1710)	80.4	81.8	-1.40	0	0	3.19
16	0.25	3000/1/100	pass	0.57	1.37	97.0% (2520/2599)	81.5	83.5	-2.00	0	0	3.21
16	0.25	5000/5/50	pass	0.38	1.28	98.9% (5044/5102)	80.3	81.8	-1.50	0	0	2.99
16	0.25	5000/5/100	pass	0.49	1.92	98.1% (4704/4795)	80.6	83.5	-2.90	0	0	3.02
16	0.5	3000/1/50	pass	1.13	1.35	93.1% (1616/1735)	81.1	81.8	-0.70	0	0	3.07
16	0.5	3000/1/100	pass	0.54	1.39	91.5% (3400/3714)	81.5	83.5	-2.00	0	0	3.26
16	0.5	5000/5/50	pass	0.43	1.28	98.9% (5041/5099)	80.2	81.8	-1.60	0	0	2.87
16	0.5	5000/5/100	pass	0.36	1.45	96.7% (3931/4065)	80.5	83.5	-3.00	0	0	2.99
16	2	3000/1/50	pass	0.86	1.33	94.8% (1627/1716)	80.4	81.8	-1.40	0	0	3.26
16	2	3000/1/100	pass	0.61	1.33	97.2% (2364/2432)	80.5	83.5	-3.00	0	0	3.19
16	2	5000/5/50	pass	0.57	1.28	98.8% (4803/4862)	80.1	81.8	-1.70	0	0	3.14
16	2	5000/5/100	pass	0.79	2.06	96.8% (5350/5528)	80.5	83.5	-3.00	0	0	3.04
32	0.25	3000/1/50	pass	0.67	1.40	97.3% (2350/2414)	80.9	81.8	-0.90	0	0	3.14
32	0.25	3000/1/100	pass	0.84	1.38	94.4% (3893/4126)	81.6	83.5	-1.90	0	0	3.17
32	0.25	5000/5/50	pass	0.67	1.29	98.9% (5115/5174)	80.2	81.8	-1.60	0	0	2.85
32	0.25	5000/5/100	pass	0.55	1.26	91.1% (4257/4674)	80.6	83.5	-2.90	0	0	2.83
32	0.5	3000/1/50	pass	0.41	1.40	94.6% (2365/2500)	80.4	81.8	-1.40	0	0	3.13
32	0.5	3000/1/100	pass	0.91	1.38	95.2% (3322/3489)	81.6	83.5	-1.90	0	0	3.26
32	0.5	5000/5/50	R1 an event stays inside the section's own background	1.55	1.13	98.1% (2979/3037)	80.2	81.8	-1.60	0	0	2.86
32	0.5	5000/5/100	pass	0.86	1.15	91.0% (3829/4207)	80.5	83.5	-3.00	0	0	2.95
32	2	3000/1/50	pass	0.70	1.32	95.1% (1826/1920)	80.4	81.8	-1.40	0	0	3.26
32	2	3000/1/100	pass	0.61	1.40	95.8% (3209/3350)	80.7	83.5	-2.80	0	0	3.50
32	2	5000/5/50	R1 an event stays inside the section's own background	1.65	1.13	98.4% (3532/3590)	80.4	81.8	-1.40	0	0	3.19
32	2	5000/5/100	pass	1.06	1.51	92.3% (3314/3592)	80.8	83.5	-2.70	0	0	2.97

Vbirth	tauVent	leg(f/s/k)	births	deaths	duty%	visDuty%	arcDuty%	plumeDuty%	starved%	maxIdle Myr	lives	medLife f	medLifeDuty%	medGap Myr	epMax cells2	epMean cells2	edW px	edH px	feedRuns	maxFeed f	maxQuiet Myr	K9 red	ledgerErr
16	0.25	3000/1/50	93	92	89.9	69.4	70.4	52.0	5.0	0.20	93	50	91	1.18	109.9	9.8	23.0	8.6	9	1259	4.55	0	1.31e-14
16	0.25	3000/1/100	71	69	66.7	62.7	54.5	26.8	2.6	0.20	71	54	95	1.45	100.3	15.9	25.0	8.1	15	1065	28.00	0	1.14e-14
16	0.25	5000/5/50	53	52	79.2	59.0	40.1	57.9	2.4	0.20	53	51	95	1.43	313.6	22.3	33.0	11.8	15	2636	18.95	0	1.98e-14
16	0.25	5000/5/100	53	52	66.6	53.6	45.9	31.2	1.6	0.20	53	83	97	4.85	318.1	26.7	31.0	11.6	11	1467	47.40	0	2.02e-14
16	0.5	3000/1/50	89	89	87.1	75.9	68.0	50.5	11.9	0.50	89	56	81	1.38	109.6	11.1	23.0	8.6	6	1750	5.45	0	2.32e-14
16	0.5	3000/1/100	74	73	80.9	78.2	77.4	27.1	4.5	0.40	74	65	91	1.90	107.7	17.3	25.0	8.0	8	1245	13.30	0	8.06e-15
16	0.5	5000/5/50	59	57	81.3	61.1	44.9	56.7	6.4	0.50	59	51	94	1.85	307.0	20.3	33.0	11.8	22	2511	9.90	0	2.28e-14
16	0.5	5000/5/100	54	54	63.6	46.8	61.2	30.4	3.0	0.40	54	78	94	3.80	202.2	25.5	27.0	10.3	12	1566	51.00	0	1.46e-14
16	2	3000/1/50	53	52	88.2	69.1	79.0	54.7	28.9	1.95	53	136	64	1.35	123.4	18.8	23.0	8.7	4	2342	5.50	0	1.31e-14
16	2	3000/1/100	45	43	63.4	49.8	54.6	29.9	16.0	1.90	45	100	80	3.00	131.4	23.6	25.0	9.4	13	1242	74.00	0	2.32e-14
16	2	5000/5/50	28	27	71.1	49.2	28.6	59.6	11.6	1.95	28	209	90	6.90	316.2	37.4	33.0	11.8	7	2703	41.65	0	2.36e-14
16	2	5000/5/100	42	42	53.6	43.8	41.5	32.5	12.8	1.90	42	105	81	6.60	359.7	31.7	27.0	9.0	16	1646	86.20	0	2.33e-14
32	0.25	3000/1/50	69	67	94.0	86.3	83.2	43.5	3.6	0.20	69	66	93	2.35	121.6	16.6	25.0	9.1	6	1001	7.45	0	2.56e-14
32	0.25	3000/1/100	55	54	69.1	57.1	60.5	27.4	1.8	0.20	55	74	97	2.70	112.3	20.6	23.0	8.4	10	939	19.70	0	2.43e-14
32	0.25	5000/5/50	27	25	72.4	55.2	24.1	57.2	1.4	0.20	27	202	98	3.70	298.8	41.1	33.0	11.8	8	2383	24.75	0	2.52e-14
32	0.25	5000/5/100	40	39	70.2	48.4	50.2	31.3	1.2	0.20	40	110	98	7.15	305.3	32.2	33.0	12.0	12	1290	80.30	0	3.68e-14
32	0.5	3000/1/50	60	60	78.0	59.0	56.1	45.7	9.5	0.50	60	68	84	1.90	88.2	15.5	25.0	9.0	12	980	13.40	0	2.64e-14
32	0.5	3000/1/100	53	53	65.6	52.9	57.5	27.5	3.5	0.40	53	76	95	2.45	112.3	20.9	23.0	8.4	9	939	20.50	0	2.40e-14
32	0.5	5000/5/50	28	27	74.0	57.2	26.7	56.4	3.7	0.50	28	198	96	3.85	294.2	40.3	33.0	11.8	8	2334	20.20	0	2.37e-14
32	0.5	5000/5/100	38	37	60.1	52.7	40.0	31.4	2.5	0.40	38	123	96	6.50	305.4	37.5	33.0	12.0	7	1291	156.40	0	6.11e-14
32	2	3000/1/50	42	42	77.5	65.5	72.5	44.1	30.3	1.95	42	114	61	3.13	132.0	23.9	23.0	8.6	6	1767	8.20	0	3.34e-14
32	2	3000/1/100	42	42	64.5	49.5	61.1	21.8	15.6	1.90	42	74	71	5.50	134.0	25.2	21.0	8.1	7	935	36.80	0	3.37e-14
32	2	5000/5/50	26	25	75.5	57.1	29.7	56.9	12.4	1.95	26	250	86	7.55	293.8	43.2	33.0	11.8	9	2330	19.30	0	2.53e-14
32	2	5000/5/100	29	28	61.8	47.4	48.0	32.7	8.5	1.90	29	196	90	6.70	325.2	48.7	33.0	12.0	7	1676	135.50	0	4.83e-14

Vbirth	tauVent	cone W x H px	pile cells2	tephra death/live cells2	alive/feed frames	ledger	cone verdict
16	0.25	21.00 x 5.65	74.8	504.5/0.000	4480/4245	1.14e-14	below band
16	0.5	17.00 x 3.01	21.5	385.3/0.000	5887/5247	1.93e-14	below band
16	2	21.00 x 5.43	71.2	234.4/0.000	7304/5362	4.14e-15	below band
32	0.25	7.00 x 2.48	9.4	0.0/0.000	3375/3222	2.24e-14	below band
32	0.5	7.00 x 2.75	11.3	0.0/0.000	4382/3978	6.78e-15	below band
32	2	7.00 x 2.69	10.9	0.0/0.000	6771/4931	3.37e-14	below band
