=== kMelt sweep (arc source; the other held at its committed value) ===
x	source	km3/Myr	arc yield	max chamber m2	edifice stock m2	births	duty%	episode cells2	total cells2	edH px	edW px	pile cells2	box%	melt % of mafic prod	sill m2	idle	lost	thickest km	delam m2	K9 red	ledgerErr	hash
1 (1/50)	arc	0.2	6.05e-5	9.99e+4	2.67e+5	12	11.9	0.5	3	0.5	1.0	0	0.0	0.001	0	0	0	80.4	7.63e+10	0	1.00e-14	2152996364
1 (5/100)	arc	0.2	6.57e-5	1.00e+5	1.42e+6	37	20.7	2.5	9	0.9	3.0	1	0.1	0.004	0	0	0	80.1	4.08e+10	0	1.95e-14	520362677
10 (1/50)	arc	0.2	6.05e-4	9.99e+4	2.67e+5	12	11.9	0.5	3	0.5	1.0	0	0.0	0.002	0	0	0	80.4	7.63e+10	0	1.00e-14	4173643181
10 (5/100)	arc	0.2	6.57e-4	1.00e+5	1.42e+6	37	20.7	2.5	9	0.9	3.0	1	0.1	0.004	0	0	0	80.1	4.08e+10	0	1.95e-14	444159197
100 (1/50)	arc	0.4	6.33e-3	1.00e+5	2.67e+5	38	28.4	0.6	8	0.5	17.0	0	0.0	0.003	0	0	0	80.4	6.61e+10	0	2.00e-14	2183231792
100 (5/100)	arc	0.2	7.47e-3	1.00e+5	8.20e+5	50	26.1	1.4	11	0.9	17.0	1	0.1	0.005	0	0	0	80.2	4.30e+10	0	2.70e-14	3974532838
1000 (1/50)	arc	2.5	6.27e-2	1.00e+5	6.82e+5	112	77.2	10.8	63	0.6	17.0	1	0.1	0.020	0	0	0	80.4	6.82e+10	0	2.63e-14	3420397199
1000 (5/100)	arc	1.2	9.80e-2	1.00e+5	1.36e+6	103	63.5	15.9	60	0.8	17.0	1	0.1	0.021	0	0	0	80.2	4.93e+10	0	2.57e-14	1714631989
10000 (1/50)	arc	22.2	6.25e-1	3.27e+6	9.66e+6	62	90.0	136.7	571	1.7	17.0	10	0.7	0.172	0	0	0	80.4	8.71e+10	0	1.77e-14	977532726
10000 (5/100)	arc	9.9	8.16e-1	1.99e+7	1.12e+7	68	87.8	142.8	479	1.6	17.0	15	1.0	0.158	1.71e+7	0	0	80.8	6.10e+10	0	2.49e-14	3264414734

=== kPlumeMelt sweep (plume source; the other held at its committed value) ===
x	source	km3/Myr	arc yield	max chamber m2	edifice stock m2	births	duty%	episode cells2	total cells2	edH px	edW px	pile cells2	box%	melt % of mafic prod	sill m2	idle	lost	thickest km	delam m2	K9 red	ledgerErr	hash
1 (1/50)	plume	0.2	6.05e-5	9.99e+4	2.67e+5	12	11.9	0.5	3	0.5	1.0	0	0.0	0.001	0	0	0	80.4	7.63e+10	0	1.00e-14	2152996364
1 (5/100)	plume	0.2	6.57e-5	1.00e+5	1.42e+6	37	20.7	2.5	9	0.9	3.0	1	0.1	0.004	0	0	0	80.1	4.08e+10	0	1.95e-14	520362677
10 (1/50)	plume	1.9	6.55e-5	1.00e+5	6.46e+6	78	51.1	11.1	48	2.7	7.0	11	0.7	0.015	0	0	0	80.4	8.35e+10	0	1.32e-14	1053416484
10 (5/100)	plume	1.9	7.04e-5	1.00e+5	1.78e+7	43	46.6	30.7	95	2.9	7.0	12	0.8	0.040	0	0	0	80.1	4.07e+10	0	1.84e-14	1693038394
100 (1/50)	plume	19.1	6.50e-5	9.99e+4	6.42e+7	62	69.1	110.8	494	8.6	23.0	111	7.2	0.150	0	0	0	80.5	8.90e+10	0	1.76e-14	2627253722
100 (5/100)	plume	18.6	6.28e-5	9.98e+4	1.74e+8	41	56.6	299.2	959	11.5	31.0	198	12.9	0.444	0	0	0	80.1	3.30e+10	0	1.60e-14	557924239
1000 (1/50)	plume	191.4	6.56e-5	1.98e+7	1.89e+8	42	71.7	326.7	2770	14.8	41.0	326	21.2	1.509	1.26e+9	0	0	80.4	8.02e+10	0	1.53e-14	3374010921
1000 (5/100)	plume	185.5	6.89e-5	1.98e+7	2.05e+8	26	59.0	353.8	2114	12.2	33.0	222	14.4	4.004	4.34e+9	0	0	80.5	2.94e+10	0	1.22e-14	1066251774
10000 (1/50)	plume	1913.8	5.62e-5	1.99e+7	1.65e+8	36	71.7	284.4	3651	12.1	33.0	221	14.4	13.305	2.66e+10	0	0	81.7	7.56e+10	0	2.33e-14	417277181
10000 (5/100)	plume	1855.3	6.91e-5	1.98e+7	1.47e+8	24	62.0	402.7	2652	11.5	31.0	199	12.9	26.368	5.41e+10	0	0	80.9	7.09e+10	0	2.46e-14	2207199924

leg: 3000 frames, eruptive 1800 s/frame (30 min); legs are seed/kyr 1/50, 5/100
base kMelt 2.00e-3, kPlumeMelt 2.00e+4; one toy cell 5.80e+5 m2 = 5.80 km3, the box holds 1536 cells
target: a live edifice of 10-30 px (0.1.0-design.md §1.5) = 50-450 cells2 of pile, i.e. 3e7-2.6e8 m2 into one column
EXIT:0
