kg	leg(f/s/k)	verdict	R1	R2needle	R2width	R3	R5evAge	R5frame	maxH
8	3000/1/50	pass	0.41	1.47	2374	80.5	0	0	80.5
8	3000/1/100	pass	0.73	1.41	3266	81.3	0	1	81.3
8	5000/5/50	pass	0.78	1.15	3019	80.2	0	0	80.2
8	5000/5/100	pass	1.14	2.03	6101	81.0	0	1	81.0
10	3000/1/50	pass	0.88	1.25	1628	80.4	0	0	80.4
10	3000/1/100	pass	0.72	1.38	2868	81.3	0	1	81.3
10	5000/5/50	pass	0.80	1.30	5039	80.3	0	0	80.3
10	5000/5/100	pass	0.51	1.83	3149	80.3	0	1	80.3
11	3000/1/50	pass	0.52	1.41	1992	80.9	0	0	80.9
11	3000/1/100	pass	0.59	1.38	2908	81.2	0	2	81.2
11	5000/5/50	pass	0.77	1.13	3020	80.1	0	0	80.1
11	5000/5/100	pass	0.55	1.97	2928	80.2	0	1	80.2
12	3000/1/50	pass	0.49	1.31	2011	80.4	0	0	80.4
12	3000/1/100	pass	0.46	1.40	3347	81.0	0	2	81.0
12	5000/5/50	pass	0.55	1.28	5043	80.2	0	0	80.2
12	5000/5/100	pass	0.88	1.25	4326	80.6	0	2	80.6
13	3000/1/50	pass	1.01	1.38	1827	80.4	0	0	80.4
13	3000/1/100	pass	0.38	1.29	3585	81.3	0	4	81.3
13	5000/5/50	pass	0.75	1.28	5115	80.2	0	0	80.2
13	5000/5/100	pass	0.59	2.11	2597	80.2	0	1	80.2
14	3000/1/50	pass	1.10	1.33	1612	81.1	0	0	81.1
14	3000/1/100	pass	0.53	1.45	3229	81.0	0	1	81.0
14	5000/5/50	pass	0.68	1.27	5409	80.2	0	0	80.2
14	5000/5/100	pass	0.84	1.71	2795	80.6	0	0	80.6
16	3000/1/50	R1 an event stays inside the section's own background	1.30	1.06	1590	80.4	0	0	80.4
16	3000/1/100	pass	0.64	1.40	3196	81.6	0	0	81.6
16	5000/5/50	pass	0.26	1.12	3918	80.7	0	0	80.7
16	5000/5/100	pass	0.37	1.76	4262	80.3	0	1	80.3
24	3000/1/50	pass	0.99	1.32	1696	80.4	0	0	80.4
24	3000/1/100	pass	0.36	1.39	2637	81.2	0	2	81.2
24	5000/5/50	pass	0.60	1.24	5117	80.2	0	0	80.2
24	5000/5/100	pass	0.36	1.85	5106	80.2	0	3	80.2
32	3000/1/50	pass	0.64	1.06	1620	80.4	0	0	80.4
32	3000/1/100	pass	0.61	1.38	3382	81.8	0	2	81.8
32	5000/5/50	pass	0.59	1.22	5045	80.2	0	0	80.2
32	5000/5/100	pass	0.49	1.61	4273	80.2	0	1	80.2
