  lid formation: mesh 256x24, wrap 16000 km, tauWeld 20 Myr, TLock 0.35, TSoft 0.45

=== hot start (the P2 gate): the lid grows from the wall ===
   t/Myr  cover%  lid%  plates   Nu   T@25   T@50   z35    z45    wells
       0      0    0     0  340.3   1.00   1.00      3      4      4
       5      0    0     0  128.3   0.84   0.98      8     11      4
      10      0    4     0  89.8   0.70   0.93     12     15      4
      15    100    5     1  73.9   0.60   0.88     14     18      4
      20    100    5     1  64.3   0.54   0.83     16     21      4
      25    100    6     1  57.8   0.49   0.78     18     24      4
      30    100    6     1  52.9   0.46   0.74     20     26      4
      35    100    7     1  49.1   0.43   0.71     21     28      4
      40    100    8     1  45.9   0.40   0.67     23     30      4
      45    100    9     1  43.4   0.38   0.65     24     32      4
      50    100   10     1  41.2   0.36   0.62     25     33      4
      55    100   11     1  39.3   0.35   0.60     27     35      4
      60    100   12     1  37.7   0.34   0.58     28     36      4
      65    100   12     1  36.2   0.32   0.56     29     38      4
      70    100   12     1  35.0   0.31   0.55     30     39      4
      75    100   13     1  33.8   0.30   0.53     31     41      4
      80    100   13     1  32.8   0.30   0.52     32     42      4
      85    100   13     1  31.8   0.29   0.51     33     43      4
      90    100   14     1  30.9   0.28   0.49     34     45      4
      95    100   14     1  30.1   0.27   0.48     35     46      4
     100    100   14     1  29.4   0.27   0.47     36     47      4
     105    100   15     1  28.7   0.26   0.46     36     48      4
     130    100   16     1  26.0   0.24   0.42     40     53      4
     155    100   18     1  24.0   0.22   0.39     44     58      4
     180    100   19     1  22.5   0.20   0.37     46     61      4
     205    100   19     1  21.5   0.19   0.34     48     63      4
     230    100   20     1  21.0   0.18   0.33     49     64      4
     255    100   19     1  21.3   0.17   0.32     48     63      4
     280     98   18     1  22.6   0.17   0.32     46     60      4
     305     95   15     2  25.1   0.13   0.31     43     56      4
     330     83   12     3  28.5   0.17   0.35     39     51      4
     355     84    9     3  31.1   0.18   0.35     35     47      3
     380     75    8     3  33.4   0.19   0.36     32     43      4

=== cool start (the demo default): the skin welds ===
   t/Myr  cover%  lid%  plates   Nu   T@25   T@50   z35    z45    wells
       0      0    0     0  40.7   0.29   0.46     34     47      4
       5      0   13     0  31.5   0.27   0.45     36     49      4
      10    100   15     1  29.1   0.26   0.44     38     51      4
      15    100   17     1  27.6   0.25   0.43     39     53      4
      20    100   17     1  26.6   0.24   0.42     41     55      4
      25    100   17     1  25.7   0.23   0.41     42     56      4
      30    100   17     1  24.9   0.22   0.40     43     57      4
      35    100   17     1  24.2   0.22   0.39     44     59      4
      40    100   17     1  23.7   0.21   0.38     45     60      4
      45    100   18     1  23.2   0.21   0.38     46     61      4
      50    100   18     1  22.7   0.21   0.37     47     62      4
      55    100   19     1  22.3   0.20   0.36     48     63      4
      60    100   19     1  21.9   0.20   0.36     48     64      4
      65    100   20     1  21.5   0.20   0.35     49     65      4
      70    100   20     1  21.2   0.19   0.35     50     66      4
      75    100   20     1  20.9   0.19   0.34     50     67      4
      80    100   21     1  20.6   0.19   0.34     51     67      4
      85    100   21     1  20.3   0.18   0.33     51     68      4
      90    100   21     1  20.1   0.18   0.33     52     69      4
      95    100   21     1  19.9   0.18   0.33     52     69      4
     100    100   21     1  19.7   0.18   0.32     53     70      4
     105    100   21     1  19.5   0.17   0.32     53     70      4
     130    100   20     1  19.3   0.17   0.31     53     70      4
     155    100   18     1  20.3   0.16   0.30     51     66      4
     180     86   13     4  24.2   0.13   0.32     45     59      4
     205     78    9     3  28.1   0.18   0.37     39     52      4
     230     73    7     3  31.2   0.24   0.44     34     46      4
     255     72    7     3  34.7   0.24   0.47     31     41      4
     280     66    6     3  37.2   0.25   0.47     29     39      4
     305     59    6     3  38.5   0.20   0.30     28     38      4
     330     63    6     3  39.0   0.08   0.17     28     38      4
     355     71    5     3  40.3   0.15   0.26     28     38      4
     380     83    5     3  39.8   0.19   0.30     29     39      4

the formation clocks
PASS  the hot start covers 60% of the surface within 90 Myr (30 s at the default clock)   t60 13 Myr, max cover 100%
PASS  the cool start welds a visible lid within one tauWeld   max cover 100%
PASS  the lid persists to the end of both runs   

ALL PASS (3 checks)
